0.590620516675741
0.503860768792801
0.409192727514336
0.855768716609562	0.621155446962542	0.832298258437683	0.942385180161257	0.674566402121062	0.540248462375791	0.508603360031766	0.55388025658322	0.354976248124565	0.380596654676048	0.760922600737721	0.669418756195781	0.478662611725531	0.563737028511722	0.26253732092507	0.528985369171282	0.2821092925442	0.335372626611512	0.409192727514336	0.398909142951056
0.621155446962542	0.729148096402544	0.67294525496635	0.703717141172046	0.473876357917851	0.573030032682274	0.461948006382042	0.468658194218299	0.429826212904117	0.351624121824967	0.721838123322728	0.70004483904626	0.406227772742757	0.48966314845192	0.308377319864671	0.424378230094938	0.367716800503513	0.496923324588277	0.29267379901887	0.467727638132751
0.832298258437683	0.67294525496635	0.877347135506474	0.897503997574568	0.594667079322454	0.872011566477201	0.582506627120716	0.475997187652671	0.527605427265599	0.336276963600702	0.841698395508965	0.737958336270752	0.412616082629674	0.600766781500802	0.190026488137484	0.569478976560254	0.157561512745752	0.393200515966594	0.405340793964473	0.576409890756099
0.942385180161257	0.703717141172046	0.897503997574568	0.979570082704047	0.595442444694513	0.993913283944341	0.571301357826375	0.534272048422316	0.523688092090946	0.535094530288033	0.904218716121762	0.901165409911699	0.683298727190843	0.525799550937151	0.413139978211985	0.637560888845448	0.316441397114051	0.486480476350087	0.548519023314764	0.560589549785682
0.674566402121062	0.473876357917851	0.594667079322454	0.595442444694513	0.848586439031084	0.619367043093237	0.434159263024403	0.828268747685444	0.179511556040279	0.729899796488348	0.590620516675741	0.240105298287542	0.5512989013569	0.682001827010119	0	0.285519620554658	0.0842168903958645	0.35769405928911	0.450953898587486	0.535367810904905
0.540248462375791	0.573030032682274	0.872011566477201	0.993913283944341	0.619367043093237	0.487697197773174	0.529147858775881	0.584283949938139	0.420108650049436	0.464560079474407	0.82316981834826	0.701914510064166	0.482524607980009	0.749134779161484	0.547145130542124	0.517128964672241	0.171909517487884	0.549510336384271	0.344093614699064	0.723465446369292
0.508603360031766	0.461948006382042	0.582506627120716	0.571301357826375	0.434159263024403	0.529147858775881	0.652923468916747	0.478585168437135	0.43000827434657	0.539579611554551	0.503860768792801	0.529831545937077	0.270983465939635	0.533705595399033	0.388858476984421	0.422860595410009	0.274161584821652	0.420162909149948	0.326227861530897	0.417262175596659
0.55388025658322	0.468658194218299	0.475997187652671	0.534272048422316	0.828268747685444	0.584283949938139	0.478585168437135	0.510612464849678	0.460601207652991	0.315018634003849	0.65449746959259	0.5162767374437	0.33715992414796	0.443465146316301	0.305380298342213	0.525623051238758	0.37014093921323	0.481697924565415	0.374382739811911	0.516016387019136
0.354976248124565	0.429826212904117	0.527605427265599	0.523688092090946	0.179511556040279	0.420108650049436	0.43000827434657	0.460601207652991	0.430682013650314	0.485585365997781	0.60533324413728	0.532254802825543	0.432339845990138	0.469449672489422	0.464579356398396	0.559319716446819	0.399470560972223	0.529050369144599	0.341878549317495	0.433916659473403
0.380596654676048	0.351624121824967	0.336276963600702	0.535094530288033	0.729899796488348	0.464560079474407	0.539579611554551	0.315018634003849	0.485585365997781	0.436903787265043	0.44788153915852	0.353504023732858	0.439274284320735	0.430621568655457	0.599261582743544	0.479069565770405	0.509772262560368	0.436129124374933	0.539372219872419	0.444803653013106
0.760922600737721	0.721838123322728	0.841698395508965	0.904218716121762	0.590620516675741	0.82316981834826	0.503860768792801	0.65449746959259	0.60533324413728	0.44788153915852	0.995846335472331	0.780030135685645	0.880021491047908	0.622412665570431	0.402659703553254	0.614938315867917	0.277145476681479	0.399204208534939	0.576582923597161	0.943347187729655
0.669418756195781	0.70004483904626	0.737958336270752	0.901165409911699	0.240105298287542	0.701914510064166	0.529831545937077	0.5162767374437	0.532254802825543	0.353504023732858	0.780030135685645	0.48951933183495	0.825802669020989	0.462796371762277	0.529162255228465	0.633794966127123	0.565432055452599	0.580988887142442	0.617477418306774	0.769422399824319
0.478662611725531	0.406227772742757	0.412616082629674	0.683298727190843	0.5512989013569	0.482524607980009	0.270983465939635	0.33715992414796	0.432339845990138	0.439274284320735	0.880021491047908	0.825802669020989	0.439331118752157	0.510047261221457	0.43530918117429	0.576927423334743	0.291833452408054	0.491405773593557	0.342686358763797	0.538762287275672
0.563737028511722	0.48966314845192	0.600766781500802	0.525799550937151	0.682001827010119	0.749134779161484	0.533705595399033	0.443465146316301	0.469449672489422	0.430621568655457	0.622412665570431	0.462796371762277	0.510047261221457	0.371462415805373	0.5463459716027	0.416972784232137	0.48921610806533	0.583993971507495	0.427813912405548	0.525371453023356
0.26253732092507	0.308377319864671	0.190026488137484	0.413139978211985	0	0.547145130542124	0.388858476984421	0.305380298342213	0.464579356398396	0.599261582743544	0.402659703553254	0.529162255228465	0.43530918117429	0.5463459716027	0.242161906766757	0.348299337831865	0.252151880686342	0.484399263339702	0.754374576014792	0.75100474244098
0.528985369171282	0.424378230094938	0.569478976560254	0.637560888845448	0.285519620554658	0.517128964672241	0.422860595410009	0.525623051238758	0.559319716446819	0.479069565770405	0.614938315867917	0.633794966127123	0.576927423334743	0.416972784232137	0.348299337831865	0.497141582585805	0.491060648774254	0.561265521557639	0.343907024312665	0.577231329724495
0.2821092925442	0.367716800503513	0.157561512745752	0.316441397114051	0.0842168903958645	0.171909517487884	0.274161584821652	0.37014093921323	0.399470560972223	0.509772262560368	0.277145476681479	0.565432055452599	0.291833452408054	0.48921610806533	0.252151880686342	0.491060648774254	0.256233106343909	0.419807862637325	0.812422360248447	0.770313804127975
0.335372626611512	0.496923324588277	0.393200515966594	0.486480476350087	0.35769405928911	0.549510336384271	0.420162909149948	0.481697924565415	0.529050369144599	0.436129124374933	0.399204208534939	0.580988887142442	0.491405773593557	0.583993971507495	0.484399263339702	0.561265521557639	0.419807862637325	0.546447947711207	0.397902020344492	0.52193868798724
0.409192727514336	0.29267379901887	0.405340793964473	0.548519023314764	0.450953898587486	0.344093614699064	0.326227861530897	0.374382739811911	0.341878549317495	0.539372219872419	0.576582923597161	0.617477418306774	0.342686358763797	0.427813912405548	0.754374576014792	0.343907024312665	0.812422360248447	0.397902020344492	0.033802548854008	0.262327595051767
0.398909142951056	0.467727638132751	0.576409890756099	0.560589549785682	0.535367810904905	0.723465446369292	0.417262175596659	0.516016387019136	0.433916659473403	0.444803653013106	0.943347187729655	0.769422399824319	0.538762287275672	0.525371453023356	0.75100474244098	0.577231329724495	0.770313804127975	0.52193868798724	0.262327595051767	0.467646647053873
