1.50
0.96
0.64
2.30	1.09	2.60	2.99	1.25	1.28	0.99	0.68	0.88	0.39	1.23	2.35	0.87	1.52	0.70	1.00	0.94	1.22	0.71	1.13
1.09	1.36	1.46	1.73	1.09	1.17	0.52	0.59	0.90	0.89	1.78	1.56	1.01	1.12	0.85	1.20	0.64	0.73	0.45	1.04
2.60	1.46	1.29	2.51	1.60	1.64	0.81	0.59	0.68	0.45	1.73	1.59	1.24	0.69	0.39	0.80	0.37	0.84	0.41	0.76
2.99	1.73	2.51	10.0	1.31	3.80	1.68	0.77	1.82	1.36	3.24	3.54	1.85	1.81	0.84	1.46	0.90	1.39	0.96	2.56
1.25	1.09	1.60	1.31	17.2	0.75	0.92	1.55	0.34	0.35	2.25	1.05	0.45	2.30	0.47	0.91	0.17	1.56	0.92	1.54
1.28	1.17	1.64	3.80	0.75	3.68	0.54	0.61	1.10	0.93	2.25	1.05	0.45	1.56	0.62	1.25	0.96	0.79	0.79	3.65
0.99	0.52	0.81	1.68	0.92	0.54	0.70	0.31	0.65	0.45	1.99	1.03	0.73	0.46	0.21	0.47	0.47	1.42	0.32	0.92
0.68	0.59	0.59	0.77	1.55	0.61	0.31	0.65	0.55	0.46	1.19	1.00	1.04	2.07	0.37	0.68	0.30	0.77	0.38	1.23
0.88	0.90	0.68	1.82	0.34	1.10	0.65	0.55	0.62	0.41	1.70	1.50	0.64	0.99	0.46	1.07	0.60	0.77	0.53	0.86
0.39	0.89	0.45	1.36	0.35	0.93	0.45	0.46	0.41	0.58	0.95	0.87	0.79	0.77	0.77	0.56	0.82	0.68	0.50	0.81
1.23	1.78	1.73	3.24	2.25	2.25	1.99	1.19	1.70	0.95	9.12	2.75	2.69	2.92	0.64	4.37	2.21	4.28	1.00	3.05
2.35	1.56	1.59	3.54	1.05	1.05	1.03	1.00	1.50	0.87	2.75	3.23	2.17	3.20	1.37	1.48	1.19	1.23	1.37	3.44
0.87	1.01	1.24	1.85	0.45	0.45	0.73	1.04	0.64	0.79	2.69	2.17	0.61	0.40	0.54	1.07	0.64	1.18	0.26	0.63
1.52	1.12	0.69	1.81	2.30	1.56	0.46	2.07	0.99	0.77	2.92	3.20	0.40	2.78	1.32	1.89	2.30	1.37	0.52	1.32
0.70	0.85	0.39	0.84	0.47	0.62	0.21	0.37	0.46	0.77	0.64	1.37	0.54	1.32	0.21	1.46	0.31	0.62	1.16	1.67
1.00	1.20	0.80	1.46	0.91	1.25	0.47	0.68	1.07	0.56	4.37	1.48	1.07	1.89	1.46	1.17	0.63	0.65	0.49	1.91
0.94	0.64	0.37	0.90	0.17	0.96	0.47	0.30	0.60	0.82	2.21	1.19	0.64	2.30	0.31	0.63	0.31	0.76	1.12	2.88
1.22	0.73	0.84	1.39	1.56	0.79	1.42	0.77	0.77	0.68	4.28	1.23	1.18	1.37	0.62	0.65	0.76	1.02	0.71	1.35
0.71	0.45	0.41	0.96	0.92	0.79	0.32	0.38	0.53	0.50	1.00	1.37	0.26	0.52	1.16	0.49	1.12	0.71	0.47	0.58
1.13	1.04	0.76	2.56	1.54	3.65	0.92	1.23	0.86	0.81	3.05	3.44	0.63	1.32	1.67	1.91	2.88	1.35	0.58	0.86
