0.156
-0.0221
-0.1967
0.124	0.2096	0.4622	0.4798	-0.0418	0.0782	-0.151	-0.1675	-0.1774	-0.0236	0.2025	0.1888	-0.0497	0.323	-0.0528	0.2238	-0.3258	-0.3255	-0.2669	0.0189
0.2096	0.1246	0.4125	0.1886	-0.2817	0.4304	0.2342	-0.1274	0.1553	-0.0925	0.0098	0.1134	-0.2488	-0.0374	-0.2364	0.1851	-0.3264	-0.2417	-0.4158	-0.1588
0.4622	0.4125	0.3728	0.4378	0.2815	0.5373	0.3005	-0.0427	-0.224	-0.1046	0.1605	-0.0031	0.1188	-0.0958	-0.3962	0.0074	-0.3965	-0.2293	0.0411	0.0798
0.4798	0.1886	0.4378	0.608	0.1201	0.2749	0.3347	-0.1419	0.0467	0.0307	0.4828	0.1903	0.0835	0.1252	-0.226	0.0009	-0.4031	-0.1128	-0.0428	0.2749
-0.0418	-0.2817	0.2815	0.1201	-0.8104	0.1408	-0.1248	-0.0774	-0.7522	0.2154	0.4573	0.0093	-1.4258	0.2898	-0.1732	0.2972	-0.6855	-0.7083	0.2155	0.0516
0.0782	0.4304	0.5373	0.2749	0.1408	0.7834	0.348	0.1048	-0.0021	-0.2994	0.2643	0.1597	0.2739	0.5929	0.0891	-0.2583	-0.2127	-0.037	0.0855	0.1691
-0.151	0.2342	0.3005	0.3347	-0.1248	0.348	0.0203	-0.1967	-0.5509	-0.0485	-0.1197	-0.0258	-0.3933	0.0617	-0.3296	-0.1364	-0.239	-0.4557	-0.589	-0.0863
-0.1675	-0.1274	-0.0427	-0.1419	-0.0774	0.1048	-0.1967	-0.1134	-0.2991	-0.2623	-0.0405	0.0623	-0.0669	0.0774	-0.4593	-0.0469	-0.1295	-0.3221	-0.2603	0.1986
-0.1774	0.1553	-0.224	0.0467	-0.7522	-0.0021	-0.5509	-0.2991	-0.1036	-0.1813	0.0086	0.0089	-0.0582	-0.0609	-0.0918	-0.0776	-0.375	0.156	-0.2437	-0.1641
-0.0236	-0.0925	-0.1046	0.0307	0.2154	-0.2994	-0.0485	-0.2623	-0.1813	-0.2341	-0.119	0.0475	0.1552	-0.3582	-0.1619	-0.158	0.0224	-0.2231	-0.0221	0.0307
0.2025	0.0098	0.1605	0.4828	0.4573	0.2643	-0.1197	-0.0405	0.0086	-0.119	0.2568	0.4536	0.5238	0.1252	-0.1682	0.0481	-0.2714	0.1709	0.2437	0.4066
0.1888	0.1134	-0.0031	0.1903	0.0093	0.1597	-0.0258	0.0623	0.0089	0.0475	0.4536	-0.0037	0.3497	0.1903	-0.0743	0.2801	0.1343	0.2394	0.0405	0.302
-0.0497	-0.2488	0.1188	0.0835	-1.4258	0.2739	-0.3933	-0.0669	-0.0582	0.1552	0.5238	0.3497	-0.1661	-0.1376	-0.2402	0.1196	-0.3132	0.058	-0.3767	0.0556
0.323	-0.0374	-0.0958	0.1252	0.2898	0.5929	0.0617	0.0774	-0.0609	-0.3582	0.1252	0.1903	-0.1376	-0.0065	-0.0476	-0.37	0.0531	-0.0791	-0.073	0.0733
-0.0528	-0.2364	-0.3962	-0.226	-0.1732	0.0891	-0.3296	-0.4593	-0.0918	-0.1619	-0.1682	-0.0743	-0.2402	-0.0476	-0.3159	-0.1981	-0.4705	-0.079	0.1902	0.3716
0.2238	0.1851	0.0074	0.0009	0.2972	-0.2583	-0.1364	-0.0469	-0.0776	-0.158	0.0481	0.2801	0.1196	-0.37	-0.1981	-0.0158	-0.3219	0.1542	-0.0123	0.1506
-0.3258	-0.3264	-0.3965	-0.4031	-0.6855	-0.2127	-0.239	-0.1295	-0.375	0.0224	-0.2714	0.1343	-0.3132	0.0531	-0.4705	-0.3219	-0.3435	-0.0668	0.356	0.3463
-0.3255	-0.2417	-0.2293	-0.1128	-0.7083	-0.037	-0.4557	-0.3221	0.156	-0.2231	0.1709	0.2394	0.058	-0.0791	-0.079	0.1542	-0.0668	0.1364	-0.2471	0.0758
-0.2669	-0.4158	0.0411	-0.0428	0.2155	0.0855	-0.589	-0.2603	-0.2437	-0.0221	0.2437	0.0405	-0.3767	-0.073	0.1902	-0.0123	0.356	-0.2471	-0.5909	-0.2429
0.0189	-0.1588	0.0798	0.2749	0.0516	0.1691	-0.0863	0.1986	-0.1641	0.0307	0.4066	0.302	0.0556	0.0733	0.3716	0.1506	0.3463	0.0758	-0.2429	-0.1238
