# HSDM matrix downloaded from http://www.came.sbg.ac.at
#  Entropy =   0.28, Expected =  -0.3665
    A     R     N     D     C     Q     E     G     H     I     L     K     M     F     P     S     T     W     Y     V     B     Z     X     *
A  5.50 -2.24 -1.77 -2.38  0.45 -2.16 -0.47  0.63 -3.01 -1.72 -1.09 -1.22  0.16 -2.42 -1.11  1.27  0.60 -2.61 -4.22  0.16 -2.10 -1.12 -0.42 -11.46
R -2.24  8.59  0.24 -0.33 -6.29 -0.74  2.83 -3.39  0.70 -3.93 -2.83  3.89 -1.43 -4.36  1.31 -0.50  0.34  1.02 -1.01 -3.80 -0.07  1.45 -0.83 -11.46
N -1.77  0.24 10.00  4.07 -6.53  1.42 -0.39  1.16  1.77 -5.78 -5.64  1.64 -4.67 -6.22 -3.23  1.54  1.14 -6.29 -0.93 -5.65  6.76  0.31 -1.24 -11.46
D -2.38 -0.33  4.07 11.01 -6.98  1.10  2.41 -3.91  0.32 -6.18 -7.41  1.53 -7.88 -5.06  0.81  2.34 -1.36 -5.63 -3.85 -6.10  7.86  1.90 -1.80 -11.46
C  0.45 -6.29 -6.53 -6.98 19.05 -2.47 -4.70 -5.70 -5.95 -0.13 -0.82 -6.65  3.50  1.72 -6.70  1.08 -1.89 -3.01 -0.44  1.32 -6.78 -3.84 -2.01 -11.46
Q -2.16 -0.74  1.42  1.10 -2.47  7.85  3.16 -0.24 -2.24 -3.26 -4.56  3.24 -1.76 -5.54  1.30  2.59  1.08 -4.30 -1.73 -4.97  1.24  4.97 -0.78 -11.46
E -0.47  2.83 -0.39  2.41 -4.70  3.16  8.43 -1.80 -1.29 -5.89 -5.62  3.08 -3.94 -4.44 -0.43  0.42 -0.61 -6.28 -4.50 -4.23  1.14  6.39 -1.11 -11.46
G  0.63 -3.39  1.16 -3.91 -5.70 -0.24 -1.80 11.64 -1.24 -8.58 -6.55 -1.82 -5.29 -7.46 -1.79  0.63 -2.24 -4.77 -4.34 -5.32 -1.61 -1.20 -2.21 -11.46
H -3.01  0.70  1.77  0.32 -5.95 -2.24 -1.29 -1.24 15.72 -4.44 -2.49 -0.17 -3.66  0.25 -3.55 -2.38 -1.14 -5.71  1.17 -1.63  0.98 -1.66 -1.26 -11.46
I -1.72 -3.93 -5.78 -6.18 -0.13 -3.26 -5.89 -8.58 -4.44  6.74  3.86 -4.82  2.94  2.30 -4.04 -4.67 -3.03 -0.26 -0.08  5.23 -6.00 -4.87 -1.50 -11.46
L -1.09 -2.83 -5.64 -7.41 -0.82 -4.56 -5.62 -6.55 -2.49  3.86  6.38 -5.91  4.32  3.90 -2.88 -6.22 -2.40 -0.58  1.81  2.28 -6.61 -5.21 -1.40 -11.46
K -1.22  3.89  1.64  1.53 -6.65  3.24  3.08 -1.82 -0.17 -4.82 -5.91  8.23 -5.47 -6.19 -1.21 -0.27 -0.37 -5.45 -4.03 -3.57  1.58  3.14 -1.14 -11.46
M  0.16 -1.43 -4.67 -7.88  3.50 -1.76 -3.94 -5.29 -3.66  2.94  4.32 -5.47 10.21  2.66 -2.02 -3.92 -5.18  4.28 -4.95  1.18 -6.43 -3.10 -1.28 -11.46
F -2.42 -4.36 -6.22 -5.06  1.72 -5.54 -4.44 -7.46  0.25  2.30  3.90 -6.19  2.66  9.14 -2.96 -5.03 -4.00  6.49  5.38  0.52 -5.58 -4.87 -1.54 -11.46
P -1.11  1.31 -3.23  0.81 -6.70  1.30 -0.43 -1.79 -3.55 -4.04 -2.88 -1.21 -2.02 -2.96 13.32 -1.28  2.44 -11.46 -7.41 -2.31 -1.02  0.24 -1.34 -11.46
S  1.27 -0.50  1.54  2.34  1.08  2.59  0.42  0.63 -2.38 -4.67 -6.22 -0.27 -3.92 -5.03 -1.28  6.35  3.09 -4.44 -4.17 -2.69  1.98  1.26 -0.78 -11.46
T  0.60  0.34  1.14 -1.36 -1.89  1.08 -0.61 -2.24 -1.14 -3.03 -2.40 -0.37 -5.18 -4.00  2.44  3.09  6.33 -3.55 -2.92 -0.23 -0.23  0.04 -0.49 -11.46
W -2.61  1.02 -6.29 -5.63 -3.01 -4.30 -6.28 -4.77 -5.71 -0.26 -0.58 -5.45  4.28  6.49 -11.46 -4.44 -3.55 18.08  6.79 -2.13 -5.93 -5.51 -2.24 -11.46
Y -4.22 -1.01 -0.93 -3.85 -0.44 -1.73 -4.50 -4.34  1.17 -0.08  1.81 -4.03 -4.95  5.38 -7.41 -4.17 -2.92  6.79 10.92  0.66 -2.53 -3.43 -1.32 -11.46
V  0.16 -3.80 -5.65 -6.10  1.32 -4.97 -4.23 -5.32 -1.63  5.23  2.28 -3.57  1.18  0.52 -2.31 -2.69 -0.23 -2.13  0.66  5.28 -5.90 -4.52 -0.93 -11.46
B -2.10 -0.07  6.76  7.86 -6.78  1.24  1.14 -1.61  0.98 -6.00 -6.61  1.58 -6.43 -5.58 -1.02  1.98 -0.23 -5.93 -2.53 -5.90 10.55  1.18 -1.20 -11.46
Z -1.12  1.45  0.31  1.90 -3.84  4.97  6.39 -1.20 -1.66 -4.87 -5.21  3.14 -3.10 -4.87  0.24  1.26  0.04 -5.51 -3.43 -4.52  1.18  8.21 -1.20 -11.46
X -0.42 -0.83 -1.24 -1.80 -2.01 -0.78 -1.11 -2.21 -1.26 -1.50 -1.40 -1.14 -1.28 -1.54 -1.34 -0.78 -0.49 -2.24 -1.32 -0.93 -1.20 -1.20 -1.20 -11.46
* -11.46 -11.46 -11.46 -11.46 -11.46 -11.46 -11.46 -11.46 -11.46 -11.46 -11.46 -11.46 -11.46 -11.46 -11.46 -11.46 -11.46 -11.46 -11.46 -11.46 -11.46 -11.46 -11.46  1.00
