# SDM matrix downloaded from http://www.came.sbg.ac.at
#  Entropy =   0.22, Expected =  -0.1109
    A     R     N     D     C     Q     E     G     H     I     L     K     M     F     P     S     T     W     Y     V     B     Z     X     *
A  2.09 -0.50 -0.57 -0.73  0.33 -0.75 -0.12  0.27 -1.42 -0.97 -0.39 -0.38 -0.04 -0.76 -0.53  0.34  0.13 -0.66 -1.25  0.02 -0.66 -0.36 -0.14 -5.34
R -0.50  2.87  0.60  0.13 -1.30  0.13  0.99 -0.96  0.54 -1.40 -1.19  1.42 -0.63 -1.40  0.21 -0.06 -0.15 -0.04 -0.75 -1.52  0.34  0.66 -0.24 -5.34
N -0.57  0.60  3.60  1.78 -2.08  0.33 -0.16  0.79  0.76 -2.43 -2.10  0.83 -2.01 -2.25 -1.10  0.40  0.30 -2.89 -0.36 -2.17  2.61  0.03 -0.44 -5.34
D -0.73  0.13  1.78  4.02 -2.51  0.34  1.20 -1.20 -0.01 -2.77 -2.65  0.66 -2.58 -2.19  0.72  0.71 -0.75 -1.91 -1.21 -2.02  3.00  0.87 -0.60 -5.34
C  0.33 -1.30 -2.08 -2.51  6.99 -0.83 -1.97 -2.11 -1.50  0.13 -0.31 -2.19  1.04  1.13 -2.19  0.31 -0.59 -0.76  0.13  0.34 -2.32 -1.53 -0.60 -5.34
Q -0.75  0.13  0.33  0.34 -0.83  2.60  1.23 -0.12 -0.46 -1.47 -1.49  0.92 -0.13 -2.31  0.24  1.04  0.60 -0.81 -0.61 -1.38  0.34  1.76 -0.23 -5.34
E -0.12  0.99 -0.16  1.20 -1.97  1.23  2.97 -0.41 -0.62 -1.81 -2.11  1.11 -1.86 -1.61 -0.26  0.31 -0.21 -2.70 -1.64 -1.84  0.58  2.30 -0.38 -5.34
G  0.27 -0.96  0.79 -1.20 -2.11 -0.12 -0.41  4.36 -0.40 -2.93 -1.98 -0.71 -1.86 -2.67 -0.04  0.29 -0.81 -1.21 -1.62 -1.96 -0.29 -0.30 -0.68 -5.34
H -1.42  0.54  0.76 -0.01 -1.50 -0.46 -0.62 -0.40  5.89 -1.76 -0.93  0.31 -1.04 -0.22 -1.44 -0.74 -0.52 -1.48 -0.12 -0.35  0.34 -0.56 -0.44 -5.34
I -0.97 -1.40 -2.43 -2.77  0.13 -1.47 -1.81 -2.93 -1.76  2.76  1.56 -1.81  0.99  0.76 -2.00 -1.75 -0.96  0.25  0.08  1.94 -2.62 -1.68 -0.56 -5.34
L -0.39 -1.19 -2.10 -2.65 -0.31 -1.49 -2.11 -1.98 -0.93  1.56  2.43 -1.96  1.61  1.23 -1.56 -2.30 -0.86 -0.14  0.70  0.81 -2.40 -1.87 -0.47 -5.34
K -0.38  1.42  0.83  0.66 -2.19  0.92  1.11 -0.71  0.31 -1.81 -1.96  2.91 -1.62 -2.41 -0.19 -0.06 -0.10 -1.94 -1.72 -1.27  0.74  1.04 -0.37 -5.34
M -0.04 -0.63 -2.01 -2.58  1.04 -0.13 -1.86 -1.86 -1.04  0.99  1.61 -1.62  3.75  0.80 -1.09 -1.34 -1.58  0.87 -0.41  0.61 -2.32 -1.19 -0.39 -5.34
F -0.76 -1.40 -2.25 -2.19  1.13 -2.31 -1.61 -2.67 -0.22  0.76  1.23 -2.41  0.80  3.28 -0.91 -1.11 -0.69  2.29  1.96  0.51 -2.22 -1.88 -0.48 -5.34
P -0.53  0.21 -1.10  0.72 -2.19  0.24 -0.26 -0.04 -1.44 -2.00 -1.56 -0.19 -1.09 -0.91  5.45 -0.29  0.93 -5.34 -1.98 -1.11 -0.10 -0.06 -0.53 -5.34
S  0.34 -0.06  0.40  0.71  0.31  1.04  0.31  0.29 -0.74 -1.75 -2.30 -0.06 -1.34 -1.11 -0.29  2.36  1.20 -1.18 -1.56 -1.11  0.57  0.59 -0.26 -5.34
T  0.13 -0.15  0.30 -0.75 -0.59  0.60 -0.21 -0.81 -0.52 -0.96 -0.86 -0.10 -1.58 -0.69  0.93  1.20  2.04 -0.57 -0.41  0.05 -0.27  0.10 -0.13 -5.34
W -0.66 -0.04 -2.89 -1.91 -0.76 -0.81 -2.70 -1.21 -1.48  0.25 -0.14 -1.94  0.87  2.29 -5.34 -1.18 -0.57  6.96  2.15 -1.09 -2.36 -1.97 -0.74 -5.34
Y -1.25 -0.75 -0.36 -1.21  0.13 -0.61 -1.64 -1.62 -0.12  0.08  0.70 -1.72 -0.41  1.96 -1.98 -1.56 -0.41  2.15  3.95  0.21 -0.82 -1.25 -0.39 -5.34
V  0.02 -1.52 -2.17 -2.02  0.34 -1.38 -1.84 -1.96 -0.35  1.94  0.81 -1.27  0.61  0.51 -1.11 -1.11  0.05 -1.09  0.21  2.05 -2.09 -1.66 -0.33 -5.34
B -0.66  0.34  2.61  3.00 -2.32  0.34  0.58 -0.29  0.34 -2.62 -2.40  0.74 -2.32 -2.22 -0.10  0.57 -0.27 -2.36 -0.82 -2.09  3.83  0.49 -0.39 -5.34
Z -0.36  0.66  0.03  0.87 -1.53  1.76  2.30 -0.30 -0.56 -1.68 -1.87  1.04 -1.19 -1.88 -0.06  0.59  0.10 -1.97 -1.25 -1.66  0.49  2.83 -0.39 -5.34
X -0.14 -0.24 -0.44 -0.60 -0.60 -0.23 -0.38 -0.68 -0.44 -0.56 -0.47 -0.37 -0.39 -0.48 -0.53 -0.26 -0.13 -0.74 -0.39 -0.33 -0.39 -0.39 -0.39 -5.34
* -5.34 -5.34 -5.34 -5.34 -5.34 -5.34 -5.34 -5.34 -5.34 -5.34 -5.34 -5.34 -5.34 -5.34 -5.34 -5.34 -5.34 -5.34 -5.34 -5.34 -5.34 -5.34 -5.34  1.00
